 1241739186.504883
1241742476.607178
1241743471.440674
1241744383.040283
1241746082.749756
1241749280.235596
1241749690.003418
1241756073.388184
1241757477.171631
1241757788.356445
1241758178.184814
1241759890.805664
1241762567.878418
1241762682.596924
1241762967.527588
1241765569.926758
1241766981.294678
1241767179.586426
1241769282.392578
1241772872.630371
1241776281.634277
1241777970.277588
1241782066.628174
1241783783.286865
1241786188.281250
1241786672.717773
1241787872.059570
1241789166.698975
1241789870.092041
1241793680.888672
1241793976.583984
1241795075.861328
1241795677.018066
1241796887.803955
1241800267.256592
1241800888.642822
1241801490.867432
1241802374.055664
1241803681.871826
1241804486.499268
1241804785.830811
1241805268.169434
1241811767.076172
1241834574.407959
1241836878.913574
1241837474.286133
1241838488.976318
1241838971.631836
1241839576.553955
1241840580.111572
1241840977.661865
1241842082.567139
1241842473.859619
1241845580.869385
1241848386.638672
1241848987.053711
1241851380.339355
1241851484.281006
1241851971.998291
1241852377.034180
1241855586.047363
1241855676.524170
1241856574.314941
1241856884.858643
1241862680.383056
1241863575.296387
1241864778.257324
1241871278.518311
1241873574.810059
1241936281.985840
1241936574.026611
1241940768.693604
1241944083.688477
1241946090.377197
1241947288.161377
1241954587.758057
1242072184.615723
1242073285.563965
1242074682.121826
1242076476.858887
1242078667.929199
1242079470.944336
1242081079.300049
1242082788.597168
1242107480.193604
1242108385.653076
1242134989.036621
1242146076.027832
1242146367.430420
1242147083.773438
1242147271.945801
1242150472.542969
1242150574.962891
1242151590.956055
1242151676.702148
1242196381.957764
1242199990.863770
1242200166.086670
1242203985.256836
1242204085.370117
1242206390.147949
1242207187.304199
1242207373.461182
1242207982.800293
1242210190.866943
1242214178.766113
1242214987.896484
1242215381.078857
1242237576.899414
1242237878.480225
1242243690.064697
1242247787.862793
1242250382.301514
1242253968.960449
1242258385.614990
1242258888.158203
1242260272.059082
1242261169.403076
1242261969.677002
1242263469.779297
1242264683.328125
1242281572.987061
1242282374.557373
1242283187.452148
1242284268.802979
1242286575.569824
1242287585.686279
1242287768.214355
1242288567.488037
1242291387.163086
1242295967.401612
1242299276.051758
1242308875.121338
1242310868.543457
1242310984.909668
1242326887.434571
1242329766.685059
1242331168.222656
1242333287.070557
1242333383.017334
1242342069.953125
1242342278.143311
1242344279.530518
1242346487.543701
1242347272.878418
1242350766.679932
1242351070.093262
1242358374.354004
1242358990.223389
1242366083.854248
1242368070.251465
1242370382.799805
1242370479.734863
1242374283.625977
1242375177.224854
1242379470.270264
1242380069.548340
1242380676.774658
1242381278.598877
1242383381.212891
1242385071.655273
1242387575.430664
1242388190.077637
1242388890.190430
1242401676.570068
1242402486.615479
1242406369.738281
1242406874.231445
1242409669.620850
1242413273.144775
1242415175.229004
1242415782.250732
1242416079.886719
1242417972.963867
1242424471.600586
1242426574.664551
1242431376.196045
1242432290.832764
1242434984.853516
1242435968.991699
1242437287.392090
1242441976.432373
1242445289.990234
1242447066.784912
1242448066.252441
1242448968.267334
1242450767.047119
1242455276.517578
1242455790.763672
1242456285.600586
1242459466.659180
1242461077.431885
1242462981.003174
1242465374.623779
1242469987.084961
1242471487.666016
1242471585.637451
1242473166.347168
1242474072.825195
1242475366.523438
1242476370.534424
